{
    "image_size": {
        "type_id": "opencv-matrix",
        "rows": 2,
        "cols": 1,
        "dt": "d",
        "data": [ 1024.0, 1280.0 ]
    },
    "K1": {
        "type_id": "opencv-matrix",
        "rows": 3,
        "cols": 3,
        "dt": "f",
        "data": [ 1.07364844e+03, 0.0, 5.77499695e+02, 0.0,
            1.07343433e+03, 5.24409790e+02, 0.0, 0.0, 1.0 ]
    },
    "D1": {
        "type_id": "opencv-matrix",
        "rows": 1,
        "cols": 5,
        "dt": "f",
        "data": [ -7.47532817e-04, 1.77790504e-03, 1.39573240e-04, 0.0,
            0.0 ]
    },
    "K2": {
        "type_id": "opencv-matrix",
        "rows": 3,
        "cols": 3,
        "dt": "f",
        "data": [ 1.07266870e+03, 0.0, 6.76994690e+02, 0.0,
            1.07244336e+03, 5.23896667e+02, 0.0, 0.0, 1.0 ]
    },
    "D2": {
        "type_id": "opencv-matrix",
        "rows": 1,
        "cols": 5,
        "dt": "f",
        "data": [ -1.31973054e-03, 3.40759335e-03, 1.06380983e-04, 0.0,
            0.0 ]
    },
    "R": {
        "type_id": "opencv-matrix",
        "rows": 3,
        "cols": 3,
        "dt": "d",
        "data": [ 9.9970902991408717e-01, 1.6739454337427837e-02,
            -1.7367964092548288e-02, -1.6528833820532690e-02,
            9.9978895100174492e-01, 1.2200455211310857e-02,
            1.7568527564030399e-02, -1.1909833051523129e-02,
            9.9977472598376704e-01 ]
    },
    "T": {
        "type_id": "opencv-matrix",
        "rows": 3,
        "cols": 1,
        "dt": "d",
        "data": [ -3.3205604843702621e+00, 3.3962783826217074e-01,
            -2.1955342519654747e-01 ]
    },
    "R1": {
        "type_id": "opencv-matrix",
        "rows": 3,
        "cols": 3,
        "dt": "d",
        "data": [ 9.9520742348253322e-01, -8.5673644138533733e-02,
            4.7140332468933649e-02, 8.5396338905903396e-02,
            9.9631598550490408e-01, 7.8690742060165651e-03,
            -4.7640839064040451e-02, -3.8057492581086063e-03,
            9.9885728045895461e-01 ]
    },
    "R2": {
        "type_id": "opencv-matrix",
        "rows": 3,
        "cols": 3,
        "dt": "d",
        "data": [ 9.9266498623741262e-01, -1.0153004740652884e-01,
            6.5634400826895173e-02, 1.0191260727258995e-01,
            9.9479021840696580e-01, -2.4983676119238519e-03,
            -6.5038800551519838e-02, 9.1690149661494899e-03,
            9.9784061031177229e-01 ]
    },
    "P1": {
        "type_id": "opencv-matrix",
        "rows": 3,
        "cols": 4,
        "dt": "d",
        "data": [ 1.0729388427734375e+03, 0.0, 5.6253026580810547e+02,
            0.0, 0.0, 1.0729388427734375e+03, 5.3353256607055664e+02,
            0.0, 0.0, 0.0, 1.0, 0.0 ]
    },
    "P2": {
        "type_id": "opencv-matrix",
        "rows": 3,
        "cols": 4,
        "dt": "d",
        "data": [ 1.0729388427734375e+03, 0.0, 5.6253026580810547e+02,
            -3.5890843062407971e+03, 0.0, 1.0729388427734375e+03,
            5.3353256607055664e+02, 0.0, 0.0, 0.0, 1.0, 0.0 ]
    },
    "Q": {
        "type_id": "opencv-matrix",
        "rows": 4,
        "cols": 4,
        "dt": "d",
        "data": [ 1.0, 0.0, 0.0, -5.6253026580810547e+02, 0.0, 1.0, 0.0,
            -5.3353256607055664e+02, 0.0, 0.0, 0.0,
            1.0729388427734375e+03, 0.0, 0.0, 2.9894500970840454e-01,
            0.0 ]
    },
    "roi1": {
        "type_id": "opencv-matrix",
        "rows": 4,
        "cols": 1,
        "dt": "d",
        "data": [ 96.0, 49.0, 906.0, 1180.0 ]
    },
    "roi2": {
        "type_id": "opencv-matrix",
        "rows": 4,
        "cols": 1,
        "dt": "d",
        "data": [ 33.0, 31.0, 873.0, 1152.0 ]
    },
    "rect_alpha": -1
}
