{
 "metadata": {
  "language_info": {
   "codemirror_mode": {
    "name": "ipython",
    "version": 3
   },
   "file_extension": ".py",
   "mimetype": "text/x-python",
   "name": "python",
   "nbconvert_exporter": "python",
   "pygments_lexer": "ipython3",
   "version": 3
  },
  "orig_nbformat": 2,
  "kernelspec": {
   "name": "python_defaultSpec_1595882995770",
   "display_name": "Python 3.8.3 64-bit ('scareddata': conda)"
  }
 },
 "nbformat": 4,
 "nbformat_minor": 2,
 "cells": [
  {
   "cell_type": "code",
   "execution_count": 12,
   "metadata": {},
   "outputs": [],
   "source": [
    "from pathlib import Path\n",
    "import sys; sys.path.append('..')\n",
    "import scareddataset.data_maniputlation as dm \n",
    "from scareddataset import iotools\n",
    "from scareddataset.calibrator import StereoCalibrator"
   ]
  },
  {
   "cell_type": "code",
   "execution_count": 13,
   "metadata": {},
   "outputs": [],
   "source": [
    "root_path = Path('/home/dimitrisps/new_data/disparity')\n",
    "out_path = root_path.parent /'final_point_clouds'\n",
    "out_path.mkdir(parents=True, exist_ok=True)"
   ]
  },
  {
   "cell_type": "code",
   "execution_count": 19,
   "metadata": {
    "tags": [
     "outputPrepend"
    ]
   },
   "outputs": [
    {
     "output_type": "stream",
     "name": "stdout",
     "text": "12e-05,  9.9999928e-01]], dtype=float32), 'T': array([[-4.3641129e+00,  2.1447975e-02, -3.8139177e-03]], dtype=float32), 'E': None, 'F': None, 'R1': array([[ 9.99987863e-01, -4.91673470e-03, -3.16283138e-04],\n       [ 4.91674635e-03,  9.99987912e-01,  3.60613114e-05],\n       [ 3.16102011e-04, -3.76159577e-05,  9.99999949e-01]]), 'R2': array([[ 9.99987542e-01, -4.91456310e-03,  8.73916501e-04],\n       [ 4.91459529e-03,  9.99987923e-01, -3.46913747e-05],\n       [-8.73735453e-04,  3.89858885e-05,  9.99999618e-01]]), 'P1': array([[1.26019236e+03, 0.00000000e+00, 6.36370529e+02, 0.00000000e+00],\n       [0.00000000e+00, 1.26019236e+03, 5.13299911e+02, 0.00000000e+00],\n       [0.00000000e+00, 0.00000000e+00, 1.00000000e+00, 0.00000000e+00]]), 'P2': array([[ 1.26019236e+03,  0.00000000e+00,  6.36370529e+02,\n        -5.49969021e+03],\n       [ 0.00000000e+00,  1.26019236e+03,  5.13299911e+02,\n         0.00000000e+00],\n       [ 0.00000000e+00,  0.00000000e+00,  1.00000000e+00,\n         0.00000000e+00]]), 'Q': array([[ 1.00000000e+00,  0.00000000e+00,  0.00000000e+00,\n        -6.36370529e+02],\n       [ 0.00000000e+00,  1.00000000e+00,  0.00000000e+00,\n        -5.13299911e+02],\n       [ 0.00000000e+00,  0.00000000e+00,  0.00000000e+00,\n         1.26019236e+03],\n       [ 0.00000000e+00,  0.00000000e+00,  2.29138791e-01,\n         0.00000000e+00]]), 'roi1': array([[   0.],\n       [   0.],\n       [1024.],\n       [1280.]]), 'roi2': array([[   0.],\n       [   0.],\n       [1024.],\n       [1280.]])}\n{'error': None, 'image_size': array([[1024.],\n       [1280.]]), 'K1': array([[1.0869744e+03, 0.0000000e+00, 5.8608032e+02],\n       [0.0000000e+00, 1.0867683e+03, 5.1247589e+02],\n       [0.0000000e+00, 0.0000000e+00, 1.0000000e+00]], dtype=float32), 'D1': array([[-0.00159616,  0.00446009,  0.00011081,  0.        ,  0.        ]],\n      dtype=float32), 'K2': array([[1.0869540e+03, 0.0000000e+00, 6.8671710e+02],\n       [0.0000000e+00, 1.0867705e+03, 5.1187949e+02],\n       [0.0000000e+00, 0.0000000e+00, 1.0000000e+00]], dtype=float32), 'D2': array([[-1.1181131e-03,  3.1633554e-03,  8.7237742e-05,  0.0000000e+00,\n         0.0000000e+00]], dtype=float32), 'R': array([[ 9.9999928e-01, -2.1047033e-06, -1.1898373e-03],\n       [ 2.1958479e-06,  1.0000000e+00,  7.6601158e-05],\n       [ 1.1898372e-03, -7.6603712e-05,  9.9999928e-01]], dtype=float32), 'T': array([[-4.3641129e+00,  2.1447975e-02, -3.8139177e-03]], dtype=float32), 'E': None, 'F': None, 'R1': array([[ 9.99987863e-01, -4.91673470e-03, -3.16283138e-04],\n       [ 4.91674635e-03,  9.99987912e-01,  3.60613114e-05],\n       [ 3.16102011e-04, -3.76159577e-05,  9.99999949e-01]]), 'R2': array([[ 9.99987542e-01, -4.91456310e-03,  8.73916501e-04],\n       [ 4.91459529e-03,  9.99987923e-01, -3.46913747e-05],\n       [-8.73735453e-04,  3.89858885e-05,  9.99999618e-01]]), 'P1': array([[1.26019236e+03, 0.00000000e+00, 6.36370529e+02, 0.00000000e+00],\n       [0.00000000e+00, 1.26019236e+03, 5.13299911e+02, 0.00000000e+00],\n       [0.00000000e+00, 0.00000000e+00, 1.00000000e+00, 0.00000000e+00]]), 'P2': array([[ 1.26019236e+03,  0.00000000e+00,  6.36370529e+02,\n        -5.49969021e+03],\n       [ 0.00000000e+00,  1.26019236e+03,  5.13299911e+02,\n         0.00000000e+00],\n       [ 0.00000000e+00,  0.00000000e+00,  1.00000000e+00,\n         0.00000000e+00]]), 'Q': array([[ 1.00000000e+00,  0.00000000e+00,  0.00000000e+00,\n        -6.36370529e+02],\n       [ 0.00000000e+00,  1.00000000e+00,  0.00000000e+00,\n        -5.13299911e+02],\n       [ 0.00000000e+00,  0.00000000e+00,  0.00000000e+00,\n         1.26019236e+03],\n       [ 0.00000000e+00,  0.00000000e+00,  2.29138791e-01,\n         0.00000000e+00]]), 'roi1': array([[   0.],\n       [   0.],\n       [1024.],\n       [1280.]]), 'roi2': array([[   0.],\n       [   0.],\n       [1024.],\n       [1280.]])}\n{'error': None, 'image_size': array([[1024.],\n       [1280.]]), 'K1': array([[1.0869744e+03, 0.0000000e+00, 5.8608032e+02],\n       [0.0000000e+00, 1.0867683e+03, 5.1247589e+02],\n       [0.0000000e+00, 0.0000000e+00, 1.0000000e+00]], dtype=float32), 'D1': array([[-0.00159616,  0.00446009,  0.00011081,  0.        ,  0.        ]],\n      dtype=float32), 'K2': array([[1.0869540e+03, 0.0000000e+00, 6.8671710e+02],\n       [0.0000000e+00, 1.0867705e+03, 5.1187949e+02],\n       [0.0000000e+00, 0.0000000e+00, 1.0000000e+00]], dtype=float32), 'D2': array([[-1.1181131e-03,  3.1633554e-03,  8.7237742e-05,  0.0000000e+00,\n         0.0000000e+00]], dtype=float32), 'R': array([[ 9.9999928e-01, -2.1047033e-06, -1.1898373e-03],\n       [ 2.1958479e-06,  1.0000000e+00,  7.6601158e-05],\n       [ 1.1898372e-03, -7.6603712e-05,  9.9999928e-01]], dtype=float32), 'T': array([[-4.3641129e+00,  2.1447975e-02, -3.8139177e-03]], dtype=float32), 'E': None, 'F': None, 'R1': array([[ 9.99987863e-01, -4.91673470e-03, -3.16283138e-04],\n       [ 4.91674635e-03,  9.99987912e-01,  3.60613114e-05],\n       [ 3.16102011e-04, -3.76159577e-05,  9.99999949e-01]]), 'R2': array([[ 9.99987542e-01, -4.91456310e-03,  8.73916501e-04],\n       [ 4.91459529e-03,  9.99987923e-01, -3.46913747e-05],\n       [-8.73735453e-04,  3.89858885e-05,  9.99999618e-01]]), 'P1': array([[1.26019236e+03, 0.00000000e+00, 6.36370529e+02, 0.00000000e+00],\n       [0.00000000e+00, 1.26019236e+03, 5.13299911e+02, 0.00000000e+00],\n       [0.00000000e+00, 0.00000000e+00, 1.00000000e+00, 0.00000000e+00]]), 'P2': array([[ 1.26019236e+03,  0.00000000e+00,  6.36370529e+02,\n        -5.49969021e+03],\n       [ 0.00000000e+00,  1.26019236e+03,  5.13299911e+02,\n         0.00000000e+00],\n       [ 0.00000000e+00,  0.00000000e+00,  1.00000000e+00,\n         0.00000000e+00]]), 'Q': array([[ 1.00000000e+00,  0.00000000e+00,  0.00000000e+00,\n        -6.36370529e+02],\n       [ 0.00000000e+00,  1.00000000e+00,  0.00000000e+00,\n        -5.13299911e+02],\n       [ 0.00000000e+00,  0.00000000e+00,  0.00000000e+00,\n         1.26019236e+03],\n       [ 0.00000000e+00,  0.00000000e+00,  2.29138791e-01,\n         0.00000000e+00]]), 'roi1': array([[   0.],\n       [   0.],\n       [1024.],\n       [1280.]]), 'roi2': array([[   0.],\n       [   0.],\n       [1024.],\n       [1280.]])}\n{'error': None, 'image_size': array([[1024.],\n       [1280.]]), 'K1': array([[1.0869744e+03, 0.0000000e+00, 5.8608032e+02],\n       [0.0000000e+00, 1.0867683e+03, 5.1247589e+02],\n       [0.0000000e+00, 0.0000000e+00, 1.0000000e+00]], dtype=float32), 'D1': array([[-0.00159616,  0.00446009,  0.00011081,  0.        ,  0.        ]],\n      dtype=float32), 'K2': array([[1.0869540e+03, 0.0000000e+00, 6.8671710e+02],\n       [0.0000000e+00, 1.0867705e+03, 5.1187949e+02],\n       [0.0000000e+00, 0.0000000e+00, 1.0000000e+00]], dtype=float32), 'D2': array([[-1.1181131e-03,  3.1633554e-03,  8.7237742e-05,  0.0000000e+00,\n         0.0000000e+00]], dtype=float32), 'R': array([[ 9.9999928e-01, -2.1047033e-06, -1.1898373e-03],\n       [ 2.1958479e-06,  1.0000000e+00,  7.6601158e-05],\n       [ 1.1898372e-03, -7.6603712e-05,  9.9999928e-01]], dtype=float32), 'T': array([[-4.3641129e+00,  2.1447975e-02, -3.8139177e-03]], dtype=float32), 'E': None, 'F': None, 'R1': array([[ 9.99987863e-01, -4.91673470e-03, -3.16283138e-04],\n       [ 4.91674635e-03,  9.99987912e-01,  3.60613114e-05],\n       [ 3.16102011e-04, -3.76159577e-05,  9.99999949e-01]]), 'R2': array([[ 9.99987542e-01, -4.91456310e-03,  8.73916501e-04],\n       [ 4.91459529e-03,  9.99987923e-01, -3.46913747e-05],\n       [-8.73735453e-04,  3.89858885e-05,  9.99999618e-01]]), 'P1': array([[1.26019236e+03, 0.00000000e+00, 6.36370529e+02, 0.00000000e+00],\n       [0.00000000e+00, 1.26019236e+03, 5.13299911e+02, 0.00000000e+00],\n       [0.00000000e+00, 0.00000000e+00, 1.00000000e+00, 0.00000000e+00]]), 'P2': array([[ 1.26019236e+03,  0.00000000e+00,  6.36370529e+02,\n        -5.49969021e+03],\n       [ 0.00000000e+00,  1.26019236e+03,  5.13299911e+02,\n         0.00000000e+00],\n       [ 0.00000000e+00,  0.00000000e+00,  1.00000000e+00,\n         0.00000000e+00]]), 'Q': array([[ 1.00000000e+00,  0.00000000e+00,  0.00000000e+00,\n        -6.36370529e+02],\n       [ 0.00000000e+00,  1.00000000e+00,  0.00000000e+00,\n        -5.13299911e+02],\n       [ 0.00000000e+00,  0.00000000e+00,  0.00000000e+00,\n         1.26019236e+03],\n       [ 0.00000000e+00,  0.00000000e+00,  2.29138791e-01,\n         0.00000000e+00]]), 'roi1': array([[   0.],\n       [   0.],\n       [1024.],\n       [1280.]]), 'roi2': array([[   0.],\n       [   0.],\n       [1024.],\n       [1280.]])}\n{'error': None, 'image_size': array([[1024.],\n       [1280.]]), 'K1': array([[1.0869744e+03, 0.0000000e+00, 5.8608032e+02],\n       [0.0000000e+00, 1.0867683e+03, 5.1247589e+02],\n       [0.0000000e+00, 0.0000000e+00, 1.0000000e+00]], dtype=float32), 'D1': array([[-0.00159616,  0.00446009,  0.00011081,  0.        ,  0.        ]],\n      dtype=float32), 'K2': array([[1.0869540e+03, 0.0000000e+00, 6.8671710e+02],\n       [0.0000000e+00, 1.0867705e+03, 5.1187949e+02],\n       [0.0000000e+00, 0.0000000e+00, 1.0000000e+00]], dtype=float32), 'D2': array([[-1.1181131e-03,  3.1633554e-03,  8.7237742e-05,  0.0000000e+00,\n         0.0000000e+00]], dtype=float32), 'R': array([[ 9.9999928e-01, -2.1047033e-06, -1.1898373e-03],\n       [ 2.1958479e-06,  1.0000000e+00,  7.6601158e-05],\n       [ 1.1898372e-03, -7.6603712e-05,  9.9999928e-01]], dtype=float32), 'T': array([[-4.3641129e+00,  2.1447975e-02, -3.8139177e-03]], dtype=float32), 'E': None, 'F': None, 'R1': array([[ 9.99987863e-01, -4.91673470e-03, -3.16283138e-04],\n       [ 4.91674635e-03,  9.99987912e-01,  3.60613114e-05],\n       [ 3.16102011e-04, -3.76159577e-05,  9.99999949e-01]]), 'R2': array([[ 9.99987542e-01, -4.91456310e-03,  8.73916501e-04],\n       [ 4.91459529e-03,  9.99987923e-01, -3.46913747e-05],\n       [-8.73735453e-04,  3.89858885e-05,  9.99999618e-01]]), 'P1': array([[1.26019236e+03, 0.00000000e+00, 6.36370529e+02, 0.00000000e+00],\n       [0.00000000e+00, 1.26019236e+03, 5.13299911e+02, 0.00000000e+00],\n       [0.00000000e+00, 0.00000000e+00, 1.00000000e+00, 0.00000000e+00]]), 'P2': array([[ 1.26019236e+03,  0.00000000e+00,  6.36370529e+02,\n        -5.49969021e+03],\n       [ 0.00000000e+00,  1.26019236e+03,  5.13299911e+02,\n         0.00000000e+00],\n       [ 0.00000000e+00,  0.00000000e+00,  1.00000000e+00,\n         0.00000000e+00]]), 'Q': array([[ 1.00000000e+00,  0.00000000e+00,  0.00000000e+00,\n        -6.36370529e+02],\n       [ 0.00000000e+00,  1.00000000e+00,  0.00000000e+00,\n        -5.13299911e+02],\n       [ 0.00000000e+00,  0.00000000e+00,  0.00000000e+00,\n         1.26019236e+03],\n       [ 0.00000000e+00,  0.00000000e+00,  2.29138791e-01,\n         0.00000000e+00]]), 'roi1': array([[   0.],\n       [   0.],\n       [1024.],\n       [1280.]]), 'roi2': array([[   0.],\n       [   0.],\n       [1024.],\n       [1280.]])}\n{'error': None, 'image_size': array([[1024.],\n       [1280.]]), 'K1': array([[1.0869744e+03, 0.0000000e+00, 5.8608032e+02],\n       [0.0000000e+00, 1.0867683e+03, 5.1247589e+02],\n       [0.0000000e+00, 0.0000000e+00, 1.0000000e+00]], dtype=float32), 'D1': array([[-0.00159616,  0.00446009,  0.00011081,  0.        ,  0.        ]],\n      dtype=float32), 'K2': array([[1.0869540e+03, 0.0000000e+00, 6.8671710e+02],\n       [0.0000000e+00, 1.0867705e+03, 5.1187949e+02],\n       [0.0000000e+00, 0.0000000e+00, 1.0000000e+00]], dtype=float32), 'D2': array([[-1.1181131e-03,  3.1633554e-03,  8.7237742e-05,  0.0000000e+00,\n         0.0000000e+00]], dtype=float32), 'R': array([[ 9.9999928e-01, -2.1047033e-06, -1.1898373e-03],\n       [ 2.1958479e-06,  1.0000000e+00,  7.6601158e-05],\n       [ 1.1898372e-03, -7.6603712e-05,  9.9999928e-01]], dtype=float32), 'T': array([[-4.3641129e+00,  2.1447975e-02, -3.8139177e-03]], dtype=float32), 'E': None, 'F': None, 'R1': array([[ 9.99987863e-01, -4.91673470e-03, -3.16283138e-04],\n       [ 4.91674635e-03,  9.99987912e-01,  3.60613114e-05],\n       [ 3.16102011e-04, -3.76159577e-05,  9.99999949e-01]]), 'R2': array([[ 9.99987542e-01, -4.91456310e-03,  8.73916501e-04],\n       [ 4.91459529e-03,  9.99987923e-01, -3.46913747e-05],\n       [-8.73735453e-04,  3.89858885e-05,  9.99999618e-01]]), 'P1': array([[1.26019236e+03, 0.00000000e+00, 6.36370529e+02, 0.00000000e+00],\n       [0.00000000e+00, 1.26019236e+03, 5.13299911e+02, 0.00000000e+00],\n       [0.00000000e+00, 0.00000000e+00, 1.00000000e+00, 0.00000000e+00]]), 'P2': array([[ 1.26019236e+03,  0.00000000e+00,  6.36370529e+02,\n        -5.49969021e+03],\n       [ 0.00000000e+00,  1.26019236e+03,  5.13299911e+02,\n         0.00000000e+00],\n       [ 0.00000000e+00,  0.00000000e+00,  1.00000000e+00,\n         0.00000000e+00]]), 'Q': array([[ 1.00000000e+00,  0.00000000e+00,  0.00000000e+00,\n        -6.36370529e+02],\n       [ 0.00000000e+00,  1.00000000e+00,  0.00000000e+00,\n        -5.13299911e+02],\n       [ 0.00000000e+00,  0.00000000e+00,  0.00000000e+00,\n         1.26019236e+03],\n       [ 0.00000000e+00,  0.00000000e+00,  2.29138791e-01,\n         0.00000000e+00]]), 'roi1': array([[   0.],\n       [   0.],\n       [1024.],\n       [1280.]]), 'roi2': array([[   0.],\n       [   0.],\n       [1024.],\n       [1280.]])}\n{'error': None, 'image_size': array([[1024.],\n       [1280.]]), 'K1': array([[1.0869744e+03, 0.0000000e+00, 5.8608032e+02],\n       [0.0000000e+00, 1.0867683e+03, 5.1247589e+02],\n       [0.0000000e+00, 0.0000000e+00, 1.0000000e+00]], dtype=float32), 'D1': array([[-0.00159616,  0.00446009,  0.00011081,  0.        ,  0.        ]],\n      dtype=float32), 'K2': array([[1.0869540e+03, 0.0000000e+00, 6.8671710e+02],\n       [0.0000000e+00, 1.0867705e+03, 5.1187949e+02],\n       [0.0000000e+00, 0.0000000e+00, 1.0000000e+00]], dtype=float32), 'D2': array([[-1.1181131e-03,  3.1633554e-03,  8.7237742e-05,  0.0000000e+00,\n         0.0000000e+00]], dtype=float32), 'R': array([[ 9.9999928e-01, -2.1047033e-06, -1.1898373e-03],\n       [ 2.1958479e-06,  1.0000000e+00,  7.6601158e-05],\n       [ 1.1898372e-03, -7.6603712e-05,  9.9999928e-01]], dtype=float32), 'T': array([[-4.3641129e+00,  2.1447975e-02, -3.8139177e-03]], dtype=float32), 'E': None, 'F': None, 'R1': array([[ 9.99987863e-01, -4.91673470e-03, -3.16283138e-04],\n       [ 4.91674635e-03,  9.99987912e-01,  3.60613114e-05],\n       [ 3.16102011e-04, -3.76159577e-05,  9.99999949e-01]]), 'R2': array([[ 9.99987542e-01, -4.91456310e-03,  8.73916501e-04],\n       [ 4.91459529e-03,  9.99987923e-01, -3.46913747e-05],\n       [-8.73735453e-04,  3.89858885e-05,  9.99999618e-01]]), 'P1': array([[1.26019236e+03, 0.00000000e+00, 6.36370529e+02, 0.00000000e+00],\n       [0.00000000e+00, 1.26019236e+03, 5.13299911e+02, 0.00000000e+00],\n       [0.00000000e+00, 0.00000000e+00, 1.00000000e+00, 0.00000000e+00]]), 'P2': array([[ 1.26019236e+03,  0.00000000e+00,  6.36370529e+02,\n        -5.49969021e+03],\n       [ 0.00000000e+00,  1.26019236e+03,  5.13299911e+02,\n         0.00000000e+00],\n       [ 0.00000000e+00,  0.00000000e+00,  1.00000000e+00,\n         0.00000000e+00]]), 'Q': array([[ 1.00000000e+00,  0.00000000e+00,  0.00000000e+00,\n        -6.36370529e+02],\n       [ 0.00000000e+00,  1.00000000e+00,  0.00000000e+00,\n        -5.13299911e+02],\n       [ 0.00000000e+00,  0.00000000e+00,  0.00000000e+00,\n         1.26019236e+03],\n       [ 0.00000000e+00,  0.00000000e+00,  2.29138791e-01,\n         0.00000000e+00]]), 'roi1': array([[   0.],\n       [   0.],\n       [1024.],\n       [1280.]]), 'roi2': array([[   0.],\n       [   0.],\n       [1024.],\n       [1280.]])}\n{'error': None, 'image_size': array([[1024.],\n       [1280.]]), 'K1': array([[1.0869744e+03, 0.0000000e+00, 5.8608032e+02],\n       [0.0000000e+00, 1.0867683e+03, 5.1247589e+02],\n       [0.0000000e+00, 0.0000000e+00, 1.0000000e+00]], dtype=float32), 'D1': array([[-0.00159616,  0.00446009,  0.00011081,  0.        ,  0.        ]],\n      dtype=float32), 'K2': array([[1.0869540e+03, 0.0000000e+00, 6.8671710e+02],\n       [0.0000000e+00, 1.0867705e+03, 5.1187949e+02],\n       [0.0000000e+00, 0.0000000e+00, 1.0000000e+00]], dtype=float32), 'D2': array([[-1.1181131e-03,  3.1633554e-03,  8.7237742e-05,  0.0000000e+00,\n         0.0000000e+00]], dtype=float32), 'R': array([[ 9.9999928e-01, -2.1047033e-06, -1.1898373e-03],\n       [ 2.1958479e-06,  1.0000000e+00,  7.6601158e-05],\n       [ 1.1898372e-03, -7.6603712e-05,  9.9999928e-01]], dtype=float32), 'T': array([[-4.3641129e+00,  2.1447975e-02, -3.8139177e-03]], dtype=float32), 'E': None, 'F': None, 'R1': array([[ 9.99987863e-01, -4.91673470e-03, -3.16283138e-04],\n       [ 4.91674635e-03,  9.99987912e-01,  3.60613114e-05],\n       [ 3.16102011e-04, -3.76159577e-05,  9.99999949e-01]]), 'R2': array([[ 9.99987542e-01, -4.91456310e-03,  8.73916501e-04],\n       [ 4.91459529e-03,  9.99987923e-01, -3.46913747e-05],\n       [-8.73735453e-04,  3.89858885e-05,  9.99999618e-01]]), 'P1': array([[1.26019236e+03, 0.00000000e+00, 6.36370529e+02, 0.00000000e+00],\n       [0.00000000e+00, 1.26019236e+03, 5.13299911e+02, 0.00000000e+00],\n       [0.00000000e+00, 0.00000000e+00, 1.00000000e+00, 0.00000000e+00]]), 'P2': array([[ 1.26019236e+03,  0.00000000e+00,  6.36370529e+02,\n        -5.49969021e+03],\n       [ 0.00000000e+00,  1.26019236e+03,  5.13299911e+02,\n         0.00000000e+00],\n       [ 0.00000000e+00,  0.00000000e+00,  1.00000000e+00,\n         0.00000000e+00]]), 'Q': array([[ 1.00000000e+00,  0.00000000e+00,  0.00000000e+00,\n        -6.36370529e+02],\n       [ 0.00000000e+00,  1.00000000e+00,  0.00000000e+00,\n        -5.13299911e+02],\n       [ 0.00000000e+00,  0.00000000e+00,  0.00000000e+00,\n         1.26019236e+03],\n       [ 0.00000000e+00,  0.00000000e+00,  2.29138791e-01,\n         0.00000000e+00]]), 'roi1': array([[   0.],\n       [   0.],\n       [1024.],\n       [1280.]]), 'roi2': array([[   0.],\n       [   0.],\n       [1024.],\n       [1280.]])}\n{'error': None, 'image_size': array([[1024.],\n       [1280.]]), 'K1': array([[1.0869744e+03, 0.0000000e+00, 5.8608032e+02],\n       [0.0000000e+00, 1.0867683e+03, 5.1247589e+02],\n       [0.0000000e+00, 0.0000000e+00, 1.0000000e+00]], dtype=float32), 'D1': array([[-0.00159616,  0.00446009,  0.00011081,  0.        ,  0.        ]],\n      dtype=float32), 'K2': array([[1.0869540e+03, 0.0000000e+00, 6.8671710e+02],\n       [0.0000000e+00, 1.0867705e+03, 5.1187949e+02],\n       [0.0000000e+00, 0.0000000e+00, 1.0000000e+00]], dtype=float32), 'D2': array([[-1.1181131e-03,  3.1633554e-03,  8.7237742e-05,  0.0000000e+00,\n         0.0000000e+00]], dtype=float32), 'R': array([[ 9.9999928e-01, -2.1047033e-06, -1.1898373e-03],\n       [ 2.1958479e-06,  1.0000000e+00,  7.6601158e-05],\n       [ 1.1898372e-03, -7.6603712e-05,  9.9999928e-01]], dtype=float32), 'T': array([[-4.3641129e+00,  2.1447975e-02, -3.8139177e-03]], dtype=float32), 'E': None, 'F': None, 'R1': array([[ 9.99987863e-01, -4.91673470e-03, -3.16283138e-04],\n       [ 4.91674635e-03,  9.99987912e-01,  3.60613114e-05],\n       [ 3.16102011e-04, -3.76159577e-05,  9.99999949e-01]]), 'R2': array([[ 9.99987542e-01, -4.91456310e-03,  8.73916501e-04],\n       [ 4.91459529e-03,  9.99987923e-01, -3.46913747e-05],\n       [-8.73735453e-04,  3.89858885e-05,  9.99999618e-01]]), 'P1': array([[1.26019236e+03, 0.00000000e+00, 6.36370529e+02, 0.00000000e+00],\n       [0.00000000e+00, 1.26019236e+03, 5.13299911e+02, 0.00000000e+00],\n       [0.00000000e+00, 0.00000000e+00, 1.00000000e+00, 0.00000000e+00]]), 'P2': array([[ 1.26019236e+03,  0.00000000e+00,  6.36370529e+02,\n        -5.49969021e+03],\n       [ 0.00000000e+00,  1.26019236e+03,  5.13299911e+02,\n         0.00000000e+00],\n       [ 0.00000000e+00,  0.00000000e+00,  1.00000000e+00,\n         0.00000000e+00]]), 'Q': array([[ 1.00000000e+00,  0.00000000e+00,  0.00000000e+00,\n        -6.36370529e+02],\n       [ 0.00000000e+00,  1.00000000e+00,  0.00000000e+00,\n        -5.13299911e+02],\n       [ 0.00000000e+00,  0.00000000e+00,  0.00000000e+00,\n         1.26019236e+03],\n       [ 0.00000000e+00,  0.00000000e+00,  2.29138791e-01,\n         0.00000000e+00]]), 'roi1': array([[   0.],\n       [   0.],\n       [1024.],\n       [1280.]]), 'roi2': array([[   0.],\n       [   0.],\n       [1024.],\n       [1280.]])}\n"
    }
   ],
   "source": [
    "disparities = sorted([str(disparity_path) for disparity_path in root_path.iterdir()])\n",
    "for p in disparities:\n",
    "    disparity = iotools.load_subpix_png(p)[0]\n",
    "    calib = StereoCalibrator().load('/home/dimitrisps/new_data/complete_calib/'+Path(p).stem+'.json')\n",
    "    # print(calib)\n",
    "    pts3d = dm.disparity_to_original_scared(disparity, calib)\n",
    "    iotools.export_ply(out_path/(Path(p).stem+'.ply'), pts3d.reshape(-1,3))"
   ]
  },
  {
   "cell_type": "code",
   "execution_count": null,
   "metadata": {},
   "outputs": [],
   "source": []
  }
 ]
}